hP from Java 
13
16
63
2332
sP from Java 
11
12
13
14
15
16
17
18
19
20
21
22
61
62
63
64
65
66
67
68
69
70
71
72
87
109
111
112
113
114
115
116
117
118
119
120
121
122
161
162
163
164
165
166
167
168
169
170
171
172
173
208
211
212
213
214
215
216
217
218
219
220
221
222
223
250
252
258
259
261
262
263
264
265
266
267
268
269
270
271
272
273
302
309
312
313
314
315
316
317
318
319
320
321
322
323
329
330
350
354
361
362
365
366
367
368
369
370
371
372
373
376
400
403
404
405
415
416
417
418
419
420
421
422
423
450
466
467
468
470
471
472
473
475
518
519
521
522
523
528
532
569
572
573
578
581
582
623
628
630
631
632
678
681
682
731
732
733
734
776
777
783
784
2332
vP from Java 
18
20
21
22
23
36
44
45
47
48
50
56
68
71
72
73
88
89
92
96
101
106
118
119
121
122
123
134
135
138
169
171
172
173
184
199
219
221
222
233
239
271
273
291
298
319
320
321
323
330
347
348
369
370
371
373
376
397
398
422
443
521
522
523
528
544
569
572
591
596
628
641
643
734
776
803
984
1244
1292
1294
1295
1342
1343
1344
1345
1391
1392
1393
1394
1441
1442
1443
1490
1492
1493
1498
1540
1589
1590
1743
1744
1793
1794
1842
1891
1892
1941
1942
1990
1991
2041
2089
2090
2138
2139
2140
2187
2188
2189
2237
2238
2288
2336
2337
2386
2450
Final from Java 
Color features from Java.
1
2
3
6
7
9
10
12
13
14
15
16
17
18
19
20
21
22
24
25
26
27
30
31
37
38
39
40
41
42
43
44
45
46
48
49
50
51
54
55
56
57
60
61
62
66
67
72
73
74
75
76
77
78
79
80
81
82
83
84
85
86
87
90
91
92
96
97
98
102
103
108
109
110
114
115
120
121
122
126
127
128
132
133
139
145
146
151
217
218
252
253
254
330
337
338
339
342
343
344
349
364
368
369
370
373
374
375
376
377
379
380
381
382
383
385
386
387
388
391
393
399
400
401
403
404
405
406
407
409
410
411
412
414
415
416
417
420
421
422
426
427
436
439
440
441
442
443
445
446
447
448
451
452
453
456
457
458
462
463
464
481
729
730
734
735
736
737
739
740
741
742
743
745
746
747
748
750
751
752
753
759
764
765
766
767
769
770
771
772
773
775
776
777
778
780
781
782
783
787
795
796
797
800
801
802
803
805
806
807
808
811
812
813
814
816
817
818
823
824
1082
1083
1084
1085
1087
1088
1089
1090
1091
1092
1093
1094
1095
1096
1097
1098
1099
1100
1101
1102
1105
1118
1119
1120
1121
1122
1123
1124
1125
1126
1127
1128
1129
1130
1131
1132
1134
1135
1136
1137
1140
1141
1142
1146
1147
1148
1154
1155
1156
1159
1160
1161
1162
1163
1164
1165
1166
1167
1168
1170
1171
1172
1173
1176
1177
1178
1182
1183
1190
1228
1442
1443
1444
1445
1446
1447
1448
1449
1450
1451
1453
1454
1455
1458
1459
1460
1465
1478
1479
1480
1481
1483
1484
1485
1486
1487
1488
1489
1490
1491
1492
1494
1495
1496
1497
1500
1501
1502
1506
1507
1515
1516
1520
1521
1522
1523
1525
1526
1527
1528
1530
1531
1532
1533
1536
1537
1538
1542
1543
1544
1807
1808
1809
1810
1811
1812
1813
1814
1818
1819
1820
1824
1825
1830
1831
1841
1844
1845
1846
1847
1849
1850
1851
1852
1855
1856
1857
1860
1861
1862
1867
1880
1881
1882
1883
1886
1887
1888
1889
1891
1892
1893
1894
1897
1898
1899
1903
1904
2160
2161
2162
2163
2164
2166
2167
2168
2169
2170
2171
2172
2173
2174
2175
2176
2177
2178
2179
2180
2181
2182
2183
2184
2185
2186
2187
2188
2191
2192
2196
2197
2198
2199
2202
2203
2204
2205
2206
2207
2208
2209
2210
2211
2212
2214
2215
2216
2220
2221
2222
2226
2227
2234
2235
2238
2244
2247
2248
2250
2253
2256
2274
2346
2376
2377
2379
2412
2413
2414
2415
2449
2450
2451
2454
2455
2460
2484
2485
2486
2487
2488
2490
2491
2496
2523
2524
2525
2527
2528
2529
2530
2531
2533
2534
2535
2536
2537
2539
2540
2541
2542
2543
2545
2546
2547
2548
2551
2552
2553
2560
2561
2564
2565
2566
2567
2569
2570
2571
2572
2573
2575
2576
2577
2581
2582
2587
2597
2600
2601
2605
2606
2607
2611
2612
2617
2618
2633
2669
2675
2705
2710
2711
2740
2741
2746
2775
2777
2781
2782
2783
2812
2813
2818
2819
2848
2849
2852
2853
2854
2855
2860
2861
2882
2883
2884
2885
2887
2888
2889
2890
2891
2893
2894
2895
2896
2897
2899
2900
2901
2902
2903
2904
2905
2917
2919
2920
2921
2923
2924
2925
2926
2927
2928
2929
2930
2931
2932
2934
2935
2936
2937
2940
2941
2942
2946
2947
2952
2953
2954
2955
2956
2957
2959
2960
2961
2962
2963
2965
2966
2967
2968
2970
2971
2972
2973
2976
2977
2978
2982
2983
2989
2990
2991
2992
2993
2995
2996
2997
2998
3002
3024
3025
3026
3027
3029
3033
3034
3061
3062
3063
3064
3065
3068
3069
3070
3071
3073
3074
3080
3098
3099
3100
3101
3104
3105
3134
3135
3136
3137
3140
3142
3170
3171
3172
3173
3176
3177
3178
3179
3184
3206
3207
3208
3209
3214
3215
3219
3220
3221
3241
3242
3243
3244
3245
3246
3247
3248
3249
3250
3251
3252
3253
3254
3255
3256
3257
3258
3259
3260
3261
3262
3265
3266
3271
3277
3278
3279
3280
3281
3282
3283
3284
3285
3286
3288
3289
3290
3291
3292
3294
3295
3296
3297
3300
3301
3302
3306
3307
3313
3314
3315
3316
3317
3318
3319
3320
3321
3322
3324
3325
3326
3327
3328
3329
3330
3331
3332
3333
3336
3337
3338
3339
3342
3343
3349
3350
3355
3356
3357
3360
3361
3362
3363
3367
3385
3386
3387
3388
3389
3391
3392
3393
3394
3397
3398
3421
3422
3423
3424
3425
3427
3428
3429
3430
3458
3459
3460
3461
3463
3493
3494
3495
3496
3497
3500
3529
3530
3531
3532
3533
3535
3536
3537
3538
3539
3542
3566
3568
3569
3571
3572
3573
3574
3575
3577
3578
3579
3580
3581
3583
3610
3611
3615
3644
3645
3646
3647
3649
3650
3651
3652
3655
3656
3657
3661
3662
3667
3680
3681
3682
3683
3685
3686
3687
3688
3689
3691
3692
3693
3694
3697
3698
3699
3703
3704
3961
3962
3966
3967
3968
3969
3970
3971
3972
3973
3974
3975
3976
3978
3979
3980
3981
3984
3985
3986
3987
3990
3991
3992
3998
4001
4003
4004
4005
4006
4007
4008
4009
4010
4011
4012
4014
4015
4016
4017
4020
4021
4022
4026
4027
4038
4040
4041
4042
4043
4045
4046
4047
4048
4049
4051
4052
4053
4056
4057
4058
4063
4290
4291
4292
4298
4321
4322
4323
4324
4325
4328
4329
4330
4331
4333
4334
4335
4336
4337
4339
4340
4341
4342
4343
4345
4346
4347
4348
4351
4352
4353
4358
4360
4361
4364
4365
4366
4367
4372
4373
4378
4379
4381
4382
4383
4387
4388
4395
4396
4397
4430
4432
4433
4465
4467
4468
4469
4474
4475
4501
4503
4504
4505
4507
4509
4510
4511
4539
4540
4541
4543
4545
4546
4550
4575
4576
4577
4579
4580
4581
4582
4583
4586
4587
4588
4591
4592
4593
4611
4612
4613
4615
4616
4617
4618
4619
4621
4622
4623
4624
4627
4628
4629
4645
4646
4647
4648
4649
4652
4653
4654
4655
4657
4658
4659
4660
4661
4663
4664
4665
4666
4691
4696
4697
4701
4702
4703
4707
4708
5055
5056
5057
5061
5062
5063
5067
5068
5073
5444
5445
5446
5447
5450
5451
5452
5455
5456
5461
5462
5467
5480
5481
5482
5483
5486
5487
5488
5489
5491
5492
5493
5497
5498
5503
5769
5770
5774
5775
5779
5780
5785
5786
5791
5803
5804
5805
5806
5807
5809
5810
5811
5812
5814
5815
5816
5817
5820
5821
5822
5826
5827
5836
5839
5840
5841
5842
5843
5844
5845
5846
5847
5848
5850
5851
5852
5856
5857
5858
5863
6133
6134
6135
6136
6137
6139
6140
6141
6142
6143
6145
6146
6147
6148
6151
6152
6153
6165
6166
6170
6171
6175
6176
6181
6182
6187
6207
6212
6217
6491
6496
6497
6501
6502
6503
6506
6507
6508
6512
6513
6855
6856
6857
6860
6861
6862
6863
6865
6866
6867
6868
6871
6872
7209
7210
7211
7214
7215
7219
7220
7225
7240
7241
7243
7244
7245
7246
7247
7249
7250
7251
7252
7254
7255
7256
7257
7260
7261
7262
7266
7267
7280
7281
7282
7283
7285
7286
7287
7288
7291
7292
7293
7297
7298
7302
7303
7604
7605
7606
7607
7609
7610
7611
7612
7613
7615
7616
7617
7621
7622
7626
7627
7640
7641
7642
7643
7645
7646
7647
7648
7651
7652
7653
7656
7657
7658
7663
7930
7931
7934
7935
7936
7937
7939
7940
7941
7942
7943
7945
7946
7947
7948
7951
7952
7953
7965
7966
7967
7970
7971
7972
7975
7976
7977
7981
7982
7987
8001
8002
8006
8011
8012
8017
8289
8290
8291
8294
8295
8296
8297
8299
8300
8301
8302
8303
8305
8306
8307
8311
8312
8321
8324
8325
8326
8327
8329
8330
8331
8332
8333
8335
8336
8337
8338
8341
8342
8361
8362
8363
8366
8367
8368
8371
8372
8373
8377
8378
8383
8649
8655
8659
8660
8661
8665
8666
8667
8671
8672
8680
8681
8684
8685
8686
8687
8689
8690
8691
8692
8695
8696
8697
8701
8702
8706
8707
8717
8720
8721
8722
8723
8724
8725
8726
8727
8728
8730
8731
8732
8733
8736
8737
8738
8742
8743