hP from Java 
19
20
21
22
23
24
48
49
67
69
70
71
72
73
74
75
98
99
117
119
120
121
122
123
124
148
149
162
167
168
169
170
171
172
173
174
198
199
212
213
216
217
218
219
220
221
222
223
224
243
244
245
246
247
262
263
264
265
266
267
268
269
270
271
272
273
291
292
293
294
295
296
297
298
309
310
311
312
313
314
315
318
319
320
321
322
340
341
342
343
344
345
346
347
348
349
350
351
352
353
354
355
357
358
359
360
361
362
363
364
365
366
367
368
369
370
371
389
390
391
392
393
394
395
396
397
398
399
405
406
407
408
409
410
411
412
413
414
415
416
417
418
419
420
421
438
439
440
441
442
443
444
445
446
447
448
449
458
459
460
461
462
463
464
465
466
467
468
469
470
488
489
490
491
492
493
494
495
496
497
498
499
509
510
511
512
513
514
515
516
517
518
519
520
538
539
540
541
542
543
544
545
546
547
548
549
559
560
561
562
563
564
565
566
567
568
569
570
587
588
589
590
591
592
593
594
595
596
597
598
599
610
611
612
613
614
615
616
617
618
619
620
637
638
639
640
641
642
643
644
645
646
647
648
649
660
661
662
663
664
665
666
667
668
669
670
686
687
688
689
690
691
692
693
694
695
696
697
698
699
700
701
710
711
712
713
714
715
716
717
718
719
733
734
735
736
737
739
740
741
742
743
744
745
746
747
750
751
752
753
754
759
760
761
762
763
764
765
766
767
768
769
770
781
782
783
784
785
786
787
788
789
790
791
792
793
794
795
800
801
802
803
804
805
806
807
808
809
810
811
812
813
814
815
816
819
820
821
822
823
824
825
826
827
828
829
830
831
832
833
834
835
836
837
838
839
840
841
842
843
850
851
852
853
854
855
856
857
859
861
862
863
864
865
866
869
870
871
872
873
874
875
876
877
878
879
880
881
882
883
884
885
886
887
888
889
890
891
892
900
901
902
903
904
905
906
907
908
909
910
911
912
913
914
915
916
917
918
919
920
921
922
923
924
925
926
927
928
929
930
931
936
937
938
939
940
950
951
952
953
954
955
956
957
958
959
960
961
962
963
964
965
966
967
968
969
970
971
972
973
974
975
976
977
978
979
1000
1001
1002
1003
1004
1005
1006
1007
1008
1009
1010
1011
1012
1013
1014
1015
1016
1017
1018
1019
1020
1021
1022
1023
1024
1025
1026
1027
1050
1051
1052
1053
1054
1055
1056
1057
1058
1059
1060
1061
1062
1063
1064
1065
1066
1067
1068
1069
1070
1071
1072
1073
1074
1075
1076
1100
1101
1102
1103
1104
1105
1106
1107
1108
1109
1110
1111
1112
1113
1114
1115
1116
1117
1118
1119
1120
1121
1122
1123
1124
1125
1152
1153
1154
1155
1156
1157
1158
1159
1160
1161
1162
1163
1164
1165
1166
1167
1168
1169
1170
1171
1172
1173
1174
1204
1205
1206
1207
1208
1209
1210
1211
1212
1213
1214
1215
1216
1217
1218
1219
1220
1221
1222
1223
1254
1255
1256
1257
1258
1259
1260
1261
1262
1263
1264
1265
1266
1268
1269
1270
1271
1272
1306
1307
1308
1309
1310
1311
1312
1313
1314
1315
1316
1317
1318
1319
1320
1321
1355
1356
1357
1358
1359
1360
1361
1362
1363
1364
1365
1366
1367
1368
1369
1370
1371
1400
1401
1402
1403
1404
1405
1406
1407
1408
1409
1410
1411
1412
1413
1414
1415
1416
1417
1418
1419
1420
1450
1451
1452
1453
1454
1455
1456
1457
1458
1459
1460
1461
1462
1463
1464
1465
1466
1467
1468
1469
1500
1501
1502
1503
1504
1505
1506
1507
1508
1509
1510
1511
1512
1513
1514
1515
1516
1517
1518
1519
1550
1551
1552
1553
1554
1555
1556
1557
1558
1559
1560
1561
1562
1563
1564
1565
1566
1567
1568
1600
1601
1602
1603
1604
1605
1606
1607
1608
1609
1610
1611
1612
1613
1614
1615
1616
1617
1650
1651
1652
1653
1654
1655
1656
1659
1660
1661
1662
1663
1664
1665
1666
1667
1700
1701
1702
1703
1704
1705
1706
1708
1710
1711
1712
1713
1714
1715
1716
1717
1750
1751
1752
1753
1754
1755
1756
1757
1758
1760
1761
1762
1763
1764
1765
1766
1800
1801
1802
1803
1804
1805
1806
1807
1808
1809
1810
1812
1813
1814
1815
1816
1850
1852
1853
1854
1855
1856
1857
1858
1859
1860
1861
1862
1863
1864
1901
1903
1904
1905
1906
1908
1909
1910
1911
1912
1913
1950
1952
1953
1954
1955
1956
1957
1958
1959
1960
1961
1962
1963
2000
2001
2002
2003
2004
2006
2007
2008
2009
2010
2011
2012
2050
2051
2052
2053
2054
2055
2056
2057
2058
2059
2060
2061
2062
2100
2101
2102
2103
2104
2105
2106
2107
2108
2109
2110
2111
2150
2151
2152
2153
2154
2155
2156
2157
2158
2159
2160
2161
2200
2201
2202
2203
2204
2205
2206
2207
2208
2209
2210
2250
2251
2252
2253
2254
2255
2256
2257
2258
2259
2260
2301
2302
2303
2304
2305
2306
2307
2308
2309
2310
2353
2354
2355
2356
2357
2358
2359
2406
2407
2408
sP from Java 
25
75
99
144
209
343
445
484
487
496
499
533
550
589
597
600
635
652
677
702
736
738
745
746
760
789
792
810
838
864
865
879
884
893
904
910
921
929
930
931
944
945
949
950
953
974
976
977
979
989
990
1000
1010
1011
1027
1028
1053
1055
1058
1060
1065
1075
1077
1081
1105
1108
1118
1126
1127
1129
1155
1165
1193
1195
1196
1197
1198
1202
1210
1211
1213
1218
1219
1248
1252
1259
1260
1265
1266
1272
1273
1297
1298
1299
1302
1303
1304
1307
1312
1314
1322
1324
1347
1349
1350
1352
1353
1354
1358
1361
1362
1365
1366
1374
1397
1398
1402
1406
1407
1408
1419
1421
1452
1454
1455
1463
1464
1471
1472
1474
1476
1485
1502
1503
1504
1506
1508
1513
1514
1520
1524
1526
1534
1535
1536
1552
1556
1557
1558
1563
1570
1571
1572
1573
1574
1584
1585
1605
1606
1607
1608
1609
1610
1620
1621
1622
1634
1635
1649
1653
1659
1670
1671
1672
1684
1685
1698
1699
1703
1704
1706
1708
1741
1747
1753
1754
1758
1760
1788
1789
1790
1800
1808
1840
1856
1857
1862
1871
1887
1889
1897
1899
1902
1905
1937
1938
1945
1948
1949
1955
1957
1965
1982
1986
1987
1993
2031
2034
2036
2051
2065
2077
2082
2083
2086
2092
2109
2114
2115
2127
2133
2151
2160
2177
2184
2191
2202
2203
2204
2211
2235
2243
2244
2245
2251
2254
2255
2256
2258
2264
2292
2306
2308
2314
2320
2321
2334
2338
2341
2357
2370
2371
2372
2391
2407
2411
2414
2416
2421
2422
2437
2440
2441
2464
2465
2472
2473
2491
2492
vP from Java 
18
20
21
22
23
36
44
45
47
48
50
56
68
71
72
73
88
89
92
96
101
106
118
119
121
122
123
134
135
138
169
171
172
173
184
199
219
221
222
233
239
271
273
291
298
319
320
321
323
330
347
348
369
370
371
373
376
397
398
422
443
521
522
523
528
544
569
572
591
596
628
641
643
734
776
803
984
1244
1292
1294
1295
1342
1343
1344
1345
1391
1392
1393
1394
1441
1442
1443
1490
1492
1493
1498
1540
1589
1590
1743
1744
1793
1794
1842
1891
1892
1941
1942
1990
1991
2041
2089
2090
2138
2139
2140
2187
2188
2189
2237
2238
2288
2336
2337
2386
2450